1239	3	518
1240	3	526
1240	3	559
1241	3	516
1242	3	537
1242	3	560
1243	3	516
1244	3	534
1245	3	551
1246	3	557
1247	3	522
1248	3	537
1249	3	520
1250	3	547
1251	3	534
1252	3	560
1253	3	534
1254	3	534
1255	3	518
1256	3	549
1257	3	537
1258	3	518
1259	3	541
1260	3	541
1261	3	550
1262	3	556
1263	3	550
1264	3	534
1265	3	561
1266	3	526
1266	3	541
1266	3	549
1266	3	550
1266	3	556
1266	3	557
1266	3	561
1266	3	562
1267	3	537
1267	3	557
1268	3	534
1269	3	541
1270	3	550
1271	3	518
1272	3	534
1273	3	541
1274	3	526
1275	3	550
1276	3	550
1277	3	534
1278	3	518
1279	3	534
1280	3	526
1281	3	556
1282	3	541
1283	3	534
1284	3	541
1285	3	534
1286	3	556
1287	3	526
1288	3	534
1289	3	526
1290	3	550
1291	3	518
1292	3	557
1293	3	556
1294	3	526
1295	3	535
1296	3	541
1297	3	534
1298	3	518
1299	3	560
1300	3	526
1301	3	541
1302	3	518
1302	3	525
1302	3	534
1302	3	537
1302	3	561
1302	3	564
1303	3	541
1304	3	560
1305	3	526
1305	3	541
1305	3	550
1305	3	553
1305	3	557
1305	3	559
1305	3	569
1306	3	534
1307	3	562
1308	3	534
1309	3	518
1310	3	541
1311	3	550
1312	3	568
1313	3	550
1314	3	534
1315	3	526
1316	3	518
1317	3	526
1318	3	518
1318	3	559
1319	3	516
1320	3	557
1321	3	518
1321	3	526
1321	3	559
1322	3	518
1322	3	520
1322	3	531
1322	3	537
1322	3	550
1322	3	557
1322	3	560
1323	3	523
1324	3	516
1324	3	534
1325	3	564
1326	3	526
1327	3	526
1328	3	564
1329	3	557
1330	3	557
1331	3	568
1332	3	526
1333	3	550
1334	3	526
1334	3	541
1335	3	553
1336	3	526
1336	3	529
1336	3	534
1336	3	537
1336	3	567
1337	3	550
1338	3	531
1339	3	518
1340	3	541
1340	3	564
1341	3	526
1342	3	514
1342	3	525
1342	3	526
1342	3	529
1342	3	532
1342	3	533
1342	3	534
1342	3	537
1342	3	541
1342	3	549
1342	3	550
1342	3	557
1343	3	516
1343	3	518
1343	3	520
1343	3	525
1343	3	534
1343	3	541
1343	3	550
1343	3	557
1343	3	558
1343	3	560
1343	3	564
1344	3	514
1344	3	518
1344	3	537
1344	3	561
1345	3	520
1345	3	541
1346	3	516
1346	3	518
1346	3	520
1346	3	526
1346	3	531
1346	3	533
1346	3	534
1346	3	537
1346	3	541
1346	3	550
1346	3	552
1346	3	553
1346	3	556
1346	3	557
1346	3	559
1346	3	560
1346	3	564
1346	3	572
1347	3	537
1348	3	564
1349	3	541
1350	3	530
1350	3	560
1351	3	559
1352	3	516
1353	3	537
1354	3	559
1355	3	558
1356	3	518
1357	3	541
1358	3	558
1359	3	534
1360	3	518
1361	3	526
1362	3	541
1362	3	544
1362	3	550
1363	3	534
1364	3	550
1365	3	526
1366	3	516
1366	3	522
1366	3	526
1366	3	533
1366	3	537
1366	3	560
1366	3	567
1367	3	526
1368	3	564
1369	3	564
1370	3	534
1371	3	526
1372	3	541
1373	3	518
1373	3	525
1373	3	534
1373	3	541
1373	3	561
1373	3	567
1374	3	541
1375	3	518
1375	3	526
1375	3	541
1375	3	559
1375	3	564
1376	3	516
1377	3	541
1378	3	548
1379	3	518
1380	3	522
1381	3	549
1382	3	560
1383	3	518
1384	3	550
1385	3	526
1386	3	516
1386	3	537
1386	3	541
1386	3	549
1386	3	553
1386	3	568
1387	3	541
1388	3	518
1389	3	534
1390	3	520
1391	3	537
1392	3	541
1393	3	518
1394	3	564
1395	3	541
1396	3	526
1397	3	541
1398	3	556
1399	3	562
1400	3	541
1401	3	518
1401	3	550
1402	3	557
1403	3	541
1404	3	556
1405	3	572
1406	3	529
1407	3	560
1408	3	533
1409	3	538
1410	3	534
1410	3	550
1410	3	557
1410	3	559
1411	3	525
1411	3	529
1411	3	534
1412	3	526
1413	3	518
1414	3	559
1415	3	541
1416	3	559
1417	3	518
1417	3	558
1418	3	526
1419	3	564
1420	3	534
1421	3	558
1422	3	541
1423	3	534
1423	3	560
1424	3	526
1424	3	534
1425	3	516
1425	3	518
1425	3	520
1425	3	529
1425	3	534
1425	3	537
1425	3	541
1425	3	549
1425	3	550
1425	3	553
1425	3	557
1425	3	560
1425	3	561
1425	3	564
1425	3	567
1426	3	557
1427	3	557
1428	3	522
1428	3	534
1429	3	533
1430	3	534
1431	3	516
1431	3	526
1431	3	534
1432	3	557
1433	3	541
1434	3	525
1435	3	558
1436	3	560
1437	3	516
1437	3	518
1437	3	520
1437	3	521
1437	3	525
1437	3	526
1437	3	531
1437	3	533
1437	3	534
1437	3	535
1437	3	537
1437	3	541
1437	3	547
1437	3	548
1437	3	550
1437	3	552
1437	3	553
1437	3	556
1437	3	557
1437	3	559
1437	3	560
1437	3	561
1437	3	562
1437	3	564
1437	3	567
1437	3	572
1437	3	573
1438	3	516
1439	3	541
1440	3	564
1441	3	541
1442	3	559
1443	3	557
1444	3	516
1444	3	518
1444	3	534
1444	3	535
1445	3	559
1446	3	518
1446	3	557
1447	3	534
1447	3	557
1447	3	561
1448	3	534
1448	3	541
1448	3	549
1448	3	556
1448	3	559
1448	3	561
1449	3	514
1449	3	516
1449	3	518
1449	3	520
1449	3	525
1449	3	526
1449	3	528
1449	3	529
1449	3	531
1449	3	532
1449	3	533
1449	3	534
1449	3	535
1449	3	537
1449	3	538
1449	3	541
1449	3	547
1449	3	548
1449	3	549
1449	3	550
1449	3	556
1449	3	557
1449	3	558
1449	3	559
1449	3	560
1449	3	561
1449	3	564
1449	3	566
1449	3	567
1450	3	514
1450	3	515
1450	3	526
1450	3	537
1450	3	562
1451	3	526
1451	3	534
1451	3	537
1451	3	541
1451	3	550
1451	3	557
1451	3	559
1451	3	561
1451	3	562
1451	3	564
1451	3	573
1452	3	534
1453	3	537
1454	3	520
1454	3	534
1454	3	537
1454	3	560
1455	3	526
1456	3	520
1456	3	521
1456	3	523
1456	3	526
1456	3	528
1456	3	531
1456	3	534
1456	3	541
1456	3	548
1456	3	559
1456	3	561
1457	3	541
1458	3	541
1459	3	541
1459	3	564
1460	3	518
1461	3	557
1461	3	561
1462	3	541
1463	3	518
1463	3	526
1463	3	537
1463	3	541
1464	3	529
1465	3	534
1466	3	534
1467	3	529
1468	3	541
1469	3	550
1470	3	549
1471	3	526
1472	3	534
1473	3	520
1473	3	533
1473	3	534
1473	3	556
1473	3	567
1474	3	514
1475	3	541
1476	3	516
1476	3	518
1476	3	533
1477	3	564
1478	3	516
1478	3	518
1478	3	525
1478	3	526
1478	3	529
1478	3	533
1478	3	534
1478	3	537
1478	3	541
1478	3	556
1478	3	561
1479	3	553
1480	3	518
1480	3	525
1480	3	541
1481	3	549
1482	3	518
1483	3	559
1484	3	541
1485	3	534
1485	3	561
1486	3	516
1486	3	556
1487	3	550
1488	3	562
1489	3	557
1490	3	541
1491	3	526
1492	3	518
1492	3	560
1493	3	550
1493	3	557
1494	3	518
1494	3	549
1495	3	518
1496	3	526
1497	3	529
1498	3	541
1499	3	534
1500	3	550
1501	3	518
1502	3	541
1503	3	534
1504	3	553
1504	3	557
1504	3	561
1504	3	562
1505	3	562
1506	3	557
1507	3	568
1508	3	564
1508	3	567
1509	3	541
1510	3	534
1511	3	518
1512	3	518
1513	3	541
1514	3	518
1515	3	526
1515	3	551
1515	3	557
1516	3	564
1517	3	534
1517	3	537
1518	3	537
1519	3	549
1520	3	518
1521	3	526
1522	3	556
1523	3	518
1524	3	541
1525	3	526
1526	3	526
1527	3	557
1528	3	534
1529	3	550
1530	3	532
1531	3	541
1532	3	562
1533	3	518
1534	3	541
1535	3	553
1536	3	556
1537	3	532
1538	3	541
1539	3	520
1540	3	518
1541	3	526
1542	3	538
1543	3	573
1544	3	564
1545	3	573
1546	3	518
1547	3	568
1548	3	556
1549	3	526
1550	3	550
1551	3	566
1551	3	567
1552	3	548
1553	3	526
1554	3	518
1555	3	526
1555	3	541
1555	3	567
1556	3	518
1557	3	534
1558	3	518
1559	3	526
1560	3	548
1561	3	541
1561	3	550
1561	3	557
1562	3	516
1563	3	541
1563	3	548
1564	3	556
1565	3	549
1566	3	526
1567	3	547
1568	3	572
1569	3	529
1570	3	541
1571	3	526
1572	3	528
1573	3	541
1574	3	526
1574	3	562
1575	3	541
1576	3	568
1577	3	562
1578	3	564
1579	3	556
1580	3	549
1581	3	518
1581	3	526
1582	3	516
1583	3	550
1584	3	564
1585	3	534
1586	3	518
1586	3	534
1586	3	560
1587	3	541
1588	3	549
1589	3	550
1589	3	557
1590	3	528
1591	3	516
1591	3	518
1591	3	520
1591	3	521
1591	3	525
1591	3	526
1591	3	529
1591	3	530
1591	3	531
1591	3	533
1591	3	534
1591	3	535
1591	3	537
1591	3	541
1591	3	544
1591	3	545
1591	3	547
1591	3	548
1591	3	549
1591	3	550
1591	3	552
1591	3	553
1591	3	555
1591	3	556
1591	3	557
1591	3	558
1591	3	559
1591	3	560
1591	3	561
1591	3	562
1591	3	564
1591	3	567
1591	3	568
1591	3	572
1591	3	573
1592	3	534
1593	3	562
1594	3	534
1595	3	541
1596	3	516
1596	3	537
1597	3	514
1597	3	516
1597	3	518
1597	3	520
1597	3	523
1597	3	525
1597	3	526
1597	3	529
1597	3	530
1597	3	533
1597	3	534
1597	3	537
1597	3	541
1597	3	549
1597	3	550
1597	3	555
1597	3	556
1597	3	557
1597	3	559
1597	3	560
1597	3	561
1597	3	564
1597	3	567
1597	3	569
1597	3	572
1597	3	573
1598	3	553
1599	3	559
1600	3	553
1601	3	522
1601	3	564
1602	3	534
1602	3	541
1602	3	550
1603	3	516
1603	3	533
1604	3	520
1238	3	522
1238	3	537
1605	3	518
1606	3	560
1607	3	518
1607	3	534
1607	3	562
1608	3	550
1609	3	541
1609	3	548
1610	3	550
1611	3	550
1612	3	534
1613	3	548
1614	3	518
1615	3	556
1616	3	518
1616	3	568
1617	3	526
1617	3	534
1618	3	515
1618	3	516
1618	3	518
1618	3	522
1618	3	526
1618	3	529
1618	3	534
1618	3	537
1618	3	541
1618	3	547
1618	3	550
1618	3	556
1618	3	557
1618	3	558
1618	3	560
1618	3	564
1619	3	550
1620	3	518
1620	3	573
1621	3	568
1622	3	518
1623	3	518
1624	3	526
1624	3	541
1625	3	534
1626	3	550
1626	3	560
1627	3	553
1628	3	561
1629	3	561
1630	3	534
1631	3	560
1632	3	559
1633	3	516
1633	3	518
1633	3	526
1633	3	534
1633	3	541
1633	3	557
1633	3	567
1634	3	520
1635	3	564
1636	3	526
1636	3	541
1636	3	564
1637	3	564
1638	3	564
1639	3	564
1640	3	516
1640	3	537
1640	3	541
1640	3	549
1640	3	553
1640	3	564
1640	3	568
1641	3	564
1642	3	550
1643	3	556
1644	3	564
1645	3	573
1646	3	537
1646	3	564
1647	3	534
1647	3	541
1648	3	564
1649	3	558
1650	3	527
1651	3	518
1652	3	562
1653	3	526
1653	3	534
1653	3	537
1653	3	564
1654	3	541
1655	3	572
1656	3	534
1656	3	541
1656	3	564
1656	3	567
1657	3	560
1658	3	518
1659	3	515
1659	3	518
1659	3	520
1659	3	531
1659	3	532
1659	3	534
1659	3	537
1659	3	541
1659	3	551
1659	3	555
1659	3	557
1659	3	559
1659	3	560
1659	3	561
1659	3	564
1659	3	566
1659	3	567
1659	3	572
1660	3	526
1661	3	535
1662	3	518
1663	3	525
1664	3	541
1665	3	567
1666	3	541
1667	3	549
1667	3	557
1668	3	553
1669	3	534
1669	3	550
1670	3	518
1671	3	534
1672	3	518
1672	3	526
1672	3	549
1673	3	526
1674	3	556
1675	3	560
1676	3	534
1677	3	534
1678	3	534
1679	3	529
1680	3	534
1681	3	541
1682	3	547
1683	3	549
1684	3	560
1685	3	560
1686	3	560
1687	3	549
1688	3	516
1689	3	529
1690	3	557
1691	3	518
1692	3	518
1693	3	549
1694	3	526
1695	3	529
1696	3	531
1697	3	561
1698	3	560
1699	3	529
1700	3	531
1701	3	534
1702	3	560
1703	3	535
1704	3	549
1705	3	541
1706	3	518
1707	3	560
1708	3	541
1709	3	537
1710	3	549
1711	3	520
1712	3	534
1713	3	553
1714	3	567
1715	3	550
1715	3	557
1716	3	516
1716	3	564
1717	3	550
1718	3	526
1719	3	518
1720	3	525
1721	3	541
1722	3	531
1722	3	541
1722	3	557
1722	3	564
1723	3	529
1723	3	559
1724	3	534
1724	3	541
1725	3	516
1725	3	518
1725	3	526
1726	3	537
1727	3	526
1727	3	541
1728	3	541
1729	3	534
1729	3	553
1730	3	541
1731	3	541
1732	3	550
1732	3	557
1733	3	564
1734	3	518
1734	3	526
1734	3	541
1734	3	550
1734	3	551
1735	3	532
1736	3	516
1736	3	520
1736	3	526
1736	3	534
1736	3	537
1736	3	541
1736	3	550
1736	3	553
1736	3	557
1736	3	564
1736	3	568
1737	3	518
1738	3	518
1739	3	518
1740	3	516
1740	3	534
1741	3	564
1742	3	560
1743	3	567
1744	3	518
1745	3	541
1746	3	534
1747	3	564
1748	3	564
1749	3	564
1750	3	564
1751	3	564
1752	3	564
1753	3	534
1754	3	551
1754	3	564
1755	3	516
1755	3	526
1755	3	534
1756	3	537
1756	3	541
1756	3	555
1757	3	537
1758	3	567
1759	3	526
1760	3	564
1761	3	537
1762	3	541
1763	3	516
1763	3	517
1763	3	518
1763	3	525
1763	3	526
1763	3	534
1763	3	535
1763	3	537
1763	3	540
1763	3	541
1763	3	553
1763	3	557
1763	3	559
1763	3	560
1763	3	561
1763	3	564
1763	3	567
1764	3	518
1765	3	514
1765	3	526
1765	3	534
1765	3	537
1765	3	541
1765	3	550
1765	3	557
1765	3	559
1766	3	520
1767	3	518
1768	3	537
1769	3	541
1769	3	550
1770	3	561
1771	3	526
1772	3	541
1773	3	526
1774	3	541
1775	3	541
1776	3	567
1777	3	514
1777	3	516
1777	3	518
1777	3	523
1777	3	525
1777	3	526
1777	3	529
1777	3	530
1777	3	531
1777	3	534
1777	3	537
1777	3	541
1777	3	548
1777	3	550
1777	3	553
1777	3	557
1777	3	558
1777	3	559
1777	3	560
1777	3	561
1777	3	562
1777	3	564
1777	3	567
1777	3	573
1778	3	526
1779	3	541
1780	3	525
1781	3	541
1782	3	516
1783	3	525
1784	3	541
1785	3	541
1786	3	534
1787	3	541
1788	3	514
1788	3	534
1788	3	541
1789	3	568
1790	3	518
1791	3	516
1791	3	518
1791	3	534
1791	3	535
1791	3	537
1791	3	541
1791	3	556
1791	3	557
1791	3	559
1791	3	560
1791	3	561
1792	3	537
1793	3	534
1794	3	541
1795	3	547
1796	3	518
1797	3	518
1798	3	559
1799	3	516
1799	3	541
1800	3	518
1800	3	526
1800	3	534
1800	3	541
1801	3	534
1802	3	560
1803	3	526
1804	3	541
1805	3	520
1805	3	541
1806	3	549
577	1	537
577	1	550
579	1	518
581	1	529
582	1	554
584	1	532
584	1	566
585	1	516
586	1	526
586	1	534
587	1	541
588	1	563
589	1	516
589	1	537
589	1	557
590	1	548
591	1	525
592	1	516
592	1	534
592	1	554
593	1	530
594	1	516
595	1	557
595	1	563
596	1	526
596	1	557
596	1	560
596	1	564
597	1	537
597	1	557
597	1	563
598	1	516
599	1	559
600	1	537
601	1	525
601	1	561
602	1	531
603	1	516
604	1	529
605	1	534
606	1	548
606	1	550
606	1	560
607	1	525
608	1	537
609	1	516
609	1	534
609	1	563
610	1	518
611	1	518
611	1	553
612	1	526
612	1	537
612	1	560
613	1	521
613	1	527
614	1	517
614	1	518
614	1	533
614	1	536
614	1	541
614	1	545
614	1	548
614	1	550
614	1	558
615	1	515
615	1	534
616	1	559
617	1	550
618	1	516
619	1	527
620	1	540
621	1	530
621	1	557
622	1	557
622	1	559
622	1	562
623	1	534
623	1	557
624	1	535
625	1	541
626	1	561
627	1	537
628	1	518
629	1	557
629	1	558
630	1	559
631	1	537
631	1	563
632	1	516
632	1	537
632	1	559
633	1	541
634	1	516
634	1	549
635	1	518
635	1	530
636	1	543
637	1	525
638	1	518
638	1	550
639	1	526
640	1	564
641	1	518
641	1	557
642	1	541
643	1	558
644	1	537
644	1	562
645	1	543
646	1	518
646	1	521
646	1	559
646	1	574
647	1	534
647	1	537
647	1	563
647	1	572
648	1	559
649	1	516
650	1	541
651	1	534
652	1	516
653	1	516
654	1	541
655	1	541
656	1	534
657	1	557
658	1	549
659	1	514
660	1	549
661	1	550
662	1	518
662	1	526
662	1	559
663	1	534
663	1	541
663	1	547
663	1	551
663	1	558
663	1	563
664	1	543
665	1	561
666	1	526
666	1	541
667	1	535
667	1	537
668	1	520
668	1	526
668	1	531
668	1	534
668	1	537
669	1	563
670	1	527
671	1	535
672	1	541
673	1	541
673	1	563
674	1	574
675	1	537
676	1	516
677	1	518
677	1	564
678	1	553
679	1	557
680	1	562
680	1	572
681	1	526
681	1	534
681	1	553
681	1	557
681	1	560
681	1	563
682	1	564
683	1	516
683	1	534
683	1	537
683	1	541
683	1	549
683	1	564
684	1	516
685	1	574
686	1	526
686	1	534
686	1	537
686	1	544
687	1	520
687	1	529
687	1	532
687	1	534
688	1	526
689	1	520
689	1	525
689	1	534
690	1	574
691	1	524
691	1	534
691	1	537
691	1	561
692	1	520
692	1	552
693	1	534
693	1	557
694	1	534
695	1	534
696	1	516
696	1	526
696	1	574
697	1	548
698	1	564
699	1	514
699	1	541
699	1	557
700	1	537
701	1	527
702	1	516
703	1	516
704	1	519
705	1	537
705	1	541
705	1	549
706	1	516
706	1	518
706	1	534
707	1	534
707	1	564
707	1	569
708	1	557
709	1	551
710	1	534
710	1	564
711	1	550
712	1	541
713	1	541
714	1	516
715	1	531
716	1	564
717	1	564
718	1	538
719	1	558
720	1	534
720	1	557
721	1	524
721	1	574
722	1	558
723	1	529
724	1	534
724	1	543
724	1	574
725	1	534
725	1	549
725	1	552
725	1	560
725	1	563
726	1	526
727	1	559
728	1	559
729	1	557
729	1	565
730	1	534
730	1	564
731	1	541
732	1	541
732	1	563
733	1	518
733	1	541
734	1	557
735	1	518
735	1	546
736	1	518
737	1	514
737	1	530
737	1	541
737	1	556
737	1	557
738	1	559
738	1	574
739	1	526
740	1	558
741	1	524
741	1	558
742	1	566
743	1	516
743	1	559
744	1	534
744	1	559
745	1	574
746	1	563
747	1	526
748	1	514
749	1	526
749	1	534
749	1	564
750	1	525
751	1	543
752	1	526
752	1	537
752	1	550
752	1	574
753	1	554
754	1	534
755	1	543
756	1	526
757	1	516
757	1	537
757	1	539
757	1	541
757	1	561
758	1	520
759	1	541
760	1	549
760	1	559
761	1	549
761	1	557
761	1	563
762	1	516
763	1	516
763	1	547
764	1	516
765	1	537
766	1	558
767	1	527
768	1	516
769	1	526
770	1	559
771	1	561
772	1	516
773	1	567
774	1	524
774	1	534
774	1	557
774	1	574
775	1	527
776	1	516
776	1	564
777	1	516
777	1	518
777	1	524
777	1	564
778	1	558
779	1	523
780	1	518
781	1	524
781	1	559
782	1	547
783	1	557
783	1	560
784	1	516
784	1	575
785	1	531
786	1	531
787	1	518
788	1	526
788	1	541
788	1	556
788	1	558
789	1	516
789	1	526
790	1	574
791	1	541
792	1	549
793	1	534
794	1	520
794	1	550
795	1	518
795	1	520
795	1	541
795	1	549
795	1	557
796	1	534
797	1	518
797	1	541
798	1	526
798	1	541
799	1	537
800	1	534
801	1	561
802	1	557
803	1	537
803	1	557
803	1	561
804	1	534
804	1	541
804	1	557
805	1	520
805	1	534
805	1	541
805	1	568
806	1	518
806	1	541
806	1	561
807	1	520
808	1	561
809	1	525
809	1	537
809	1	541
809	1	557
809	1	570
810	1	526
810	1	557
811	1	531
811	1	532
811	1	550
812	1	534
813	1	518
813	1	520
813	1	561
814	1	541
815	1	541
816	1	518
816	1	562
817	1	516
817	1	537
818	1	563
819	1	518
820	1	520
820	1	557
820	1	572
821	1	520
822	1	541
823	1	541
824	1	516
825	1	534
826	1	534
827	1	532
828	1	533
829	1	520
829	1	526
829	1	531
829	1	559
829	1	572
830	1	534
830	1	541
830	1	549
830	1	559
830	1	574
831	1	516
831	1	526
831	1	557
831	1	562
832	1	550
833	1	558
834	1	561
835	1	537
835	1	550
835	1	557
836	1	535
837	1	557
838	1	541
838	1	557
838	1	559
838	1	561
839	1	537
839	1	558
839	1	559
840	1	531
841	1	563
842	1	518
843	1	567
844	1	541
845	1	534
845	1	537
845	1	541
846	1	532
846	1	535
847	1	559
848	1	548
849	1	534
850	1	556
851	1	553
851	1	557
852	1	550
853	1	573
854	1	518
855	1	534
856	1	535
856	1	541
857	1	520
857	1	537
858	1	518
859	1	559
860	1	537
861	1	518
861	1	541
861	1	559
861	1	560
862	1	534
862	1	563
863	1	556
864	1	534
865	1	541
866	1	563
867	1	563
868	1	516
869	1	547
870	1	541
871	1	563
872	1	531
873	1	541
874	1	563
875	1	547
876	1	574
877	1	563
878	1	518
879	1	563
880	1	541
880	1	548
881	1	518
882	1	520
883	1	541
884	1	547
885	1	541
886	1	538
886	1	557
887	1	543
888	1	532
888	1	541
888	1	548
889	1	541
890	1	516
891	1	518
892	1	516
893	1	527
894	1	514
895	1	550
895	1	564
896	1	534
897	1	520
897	1	550
897	1	557
898	1	543
899	1	564
900	1	563
901	1	534
901	1	541
902	1	534
902	1	550
903	1	534
903	1	540
903	1	558
904	1	520
905	1	566
906	1	520
906	1	541
907	1	563
908	1	534
909	1	531
910	1	558
911	1	560
912	1	543
912	1	567
913	1	516
913	1	518
913	1	534
914	1	541
915	1	526
915	1	537
916	1	550
917	1	535
918	1	525
919	1	520
920	1	543
921	1	563
922	1	535
923	1	563
924	1	543
925	1	557
926	1	550
927	1	534
927	1	541
928	1	558
929	1	541
930	1	537
931	1	526
932	1	534
932	1	541
933	1	529
933	1	530
934	1	537
934	1	557
935	1	520
935	1	541
935	1	549
936	1	557
937	1	516
938	1	542
939	1	534
940	1	518
940	1	541
941	1	548
942	1	518
943	1	550
944	1	563
945	1	549
946	1	549
947	1	559
948	1	516
948	1	548
949	1	541
950	1	556
950	1	562
951	1	563
952	1	557
953	1	526
954	1	541
955	1	558
956	1	549
957	1	518
958	1	557
959	1	526
960	1	559
961	1	526
961	1	557
962	1	522
963	1	558
964	1	563
965	1	541
966	1	526
967	1	557
968	1	557
968	1	560
968	1	571
969	1	518
970	1	520
970	1	541
971	1	541
972	1	532
973	1	562
974	1	537
975	1	516
976	1	535
977	1	541
978	1	557
979	1	516
980	1	534
980	1	560
980	1	574
981	1	537
982	1	541
983	1	534
983	1	547
983	1	560
984	1	560
985	1	534
986	1	516
986	1	518
987	1	557
988	1	537
989	1	534
990	1	518
991	1	548
992	1	537
992	1	574
993	1	527
993	1	541
993	1	548
993	1	549
993	1	573
994	1	532
995	1	534
995	1	535
996	1	560
997	1	526
998	1	535
998	1	549
999	1	574
1000	1	563
1001	1	563
1002	1	564
1003	1	520
1004	1	526
1004	1	532
1004	1	534
1004	1	541
1004	1	547
1004	1	550
1004	1	557
1004	1	559
1005	1	518
1005	1	537
1005	1	556
1006	1	559
1007	1	535
1008	1	525
1008	1	560
1009	1	537
1009	1	541
1010	1	575
1011	1	527
1012	1	559
1013	1	541
1014	1	541
1015	1	555
1015	1	559
1016	1	520
1017	1	551
1018	1	527
1019	1	562
1020	1	541
1021	1	563
1022	1	534
1022	1	563
1023	1	563
1024	1	528
1025	1	537
1026	1	541
1027	1	543
1027	1	559
1027	1	562
1028	1	541
1028	1	556
1028	1	560
1028	1	567
1029	1	548
1030	1	535
1031	1	518
1031	1	520
1031	1	549
1031	1	561
1032	1	527
1033	1	520
1033	1	549
1034	1	558
1035	1	572
1036	1	560
1036	1	562
1037	1	520
1037	1	534
1037	1	563
1038	1	550
1039	1	557
1040	1	516
0	0	706
1	0	997
2	0	634
2	0	646
2	0	1004
2	0	1005
3	0	946
4	0	592
5	0	656
6	0	986
7	0	579
7	0	621
7	0	635
7	0	737
7	0	814
7	0	865
7	0	943
8	0	597
9	0	757
10	0	773
10	0	916
11	0	699
12	0	816
13	0	857
14	0	902
15	0	962
16	0	915
16	0	930
17	0	638
17	0	689
17	0	797
17	0	1026
18	0	1037
19	0	612
20	0	609
20	0	623
21	0	589
21	0	839
22	0	805
23	0	761
24	0	902
24	0	980
25	0	632
26	0	983
26	0	984
27	0	595
27	0	678
27	0	967
28	0	845
28	0	1020
29	0	667
29	0	693
29	0	714
29	0	856
30	0	615
31	0	654
32	0	601
33	0	593
33	0	639
33	0	681
33	0	696
33	0	698
33	0	747
33	0	752
33	0	756
33	0	760
33	0	761
33	0	764
33	0	1004
33	0	1033
34	0	968
35	0	665
36	0	862
37	0	726
38	0	709
39	0	808
40	0	933
41	0	799
41	0	836
42	0	741
43	0	600
44	0	827
44	0	935
44	0	956
45	0	647
45	0	681
45	0	712
45	0	784
45	0	831
45	0	838
45	0	897
46	0	631
47	0	909
47	0	958
47	0	987
48	0	1022
49	0	910
50	0	706
51	0	977
52	0	634
53	0	885
54	0	1009
55	0	611
55	0	641
56	0	972
57	0	732
58	0	594
59	0	860
60	0	688
60	0	710
61	0	742
62	0	686
63	0	993
64	0	596
64	0	792
65	0	777
65	0	780
66	0	880
67	0	949
68	0	721
68	0	737
68	0	829
69	0	717
70	0	686
71	0	795
71	0	932
72	0	858
73	0	741
74	0	766
75	0	855
76	0	669
77	0	681
78	0	942
79	0	870
80	0	813
80	0	1031
81	0	966
82	0	683
83	0	794
84	0	777
85	0	733
85	0	735
85	0	1008
86	0	653
86	0	722
87	0	672
88	0	610
89	0	758
90	0	876
90	0	999
90	0	1027
90	0	1036
91	0	1010
92	0	795
92	0	803
93	0	830
94	0	815
95	0	837
96	0	761
97	0	594
98	0	1036
99	0	948
100	0	711
100	0	861
101	0	677
102	0	623
103	0	721
103	0	749
103	0	777
103	0	781
103	0	791
104	0	592
104	0	614
104	0	716
104	0	803
104	0	850
104	0	988
105	0	819
106	0	829
107	0	940
108	0	668
108	0	830
109	0	847
109	0	911
109	0	1009
110	0	707
111	0	1040
112	0	600
112	0	638
112	0	757
113	0	809
114	0	908
115	0	614
115	0	632
116	0	978
117	0	698
117	0	729
117	0	762
117	0	793
117	0	1003
117	0	1028
117	0	1030
118	0	611
119	0	777
119	0	823
120	0	829
121	0	854
122	0	622
123	0	829
124	0	694
125	0	817
126	0	772
127	0	687
127	0	905
128	0	846
129	0	681
130	0	657
131	0	659
132	0	906
133	0	691
134	0	710
135	0	632
136	0	637
137	0	1028
138	0	774
139	0	912
140	0	774
141	0	861
142	0	683
142	0	803
143	0	979
143	0	1039
144	0	795
144	0	968
144	0	996
145	0	615
145	0	629
145	0	681
145	0	683
145	0	743
145	0	872
145	0	895
146	0	725
147	0	666
148	0	691
149	0	937
150	0	989
151	0	626
151	0	771
151	0	801
151	0	838
152	0	649
153	0	750
154	0	662
155	0	906
156	0	1028
157	0	861
158	0	829
159	0	681
160	0	605
160	0	864
161	0	993
162	0	692
163	0	718
164	0	820
164	0	968
165	0	757
166	0	663
166	0	737
166	0	833
166	0	915
167	0	662
168	0	731
169	0	587
170	0	896
171	0	759
172	0	798
173	0	919
174	0	1033
175	0	737
175	0	788
175	0	863
176	0	783
177	0	845
178	0	980
179	0	835
179	0	934
180	0	888
181	0	749
182	0	652
182	0	892
183	0	729
184	0	809
185	0	738
186	0	744
187	0	604
188	0	1017
189	0	713
190	0	661
190	0	811
190	0	846
190	0	1038
191	0	618
192	0	763
193	0	598
193	0	720
194	0	596
194	0	681
195	0	826
196	0	730
197	0	592
197	0	631
197	0	651
197	0	822
197	0	831
198	0	728
199	0	646
200	0	682
201	0	727
202	0	895
203	0	927
204	0	876
204	0	999
205	0	680
205	0	950
206	0	1028
207	0	924
208	0	797
209	0	746
209	0	866
209	0	871
209	0	874
210	0	682
211	0	907
211	0	944
211	0	964
211	0	1000
211	0	1001
212	0	841
212	0	867
212	0	877
212	0	1021
212	0	1037
213	0	588
213	0	879
213	0	921
213	0	923
213	0	1022
214	0	1004
215	0	683
216	0	1034
217	0	670
217	0	893
217	0	897
217	0	993
217	0	1011
218	0	701
218	0	767
218	0	775
218	0	1018
218	0	1032
219	0	645
219	0	664
219	0	751
219	0	912
219	0	1027
220	0	663
220	0	818
220	0	862
220	0	900
220	0	951
221	0	699
222	0	683
223	0	683
223	0	1016
224	0	920
225	0	913
226	0	1004
227	0	638
228	0	852
229	0	636
229	0	724
229	0	755
229	0	887
229	0	898
230	0	1004
231	0	682
232	0	809
233	0	677
234	0	809
235	0	788
236	0	757
237	0	607
238	0	981
239	0	1015
240	0	725
241	0	713
242	0	668
243	0	689
244	0	903
245	0	614
245	0	835
245	0	1004
246	0	707
247	0	994
248	0	830
249	0	663
250	0	796
251	0	894
252	0	886
253	0	795
254	0	788
255	0	602
255	0	668
255	0	715
255	0	785
255	0	786
255	0	811
256	0	845
257	0	668
257	0	730
257	0	812
257	0	825
258	0	757
259	0	687
260	0	932
260	0	1014
261	0	830
262	0	595
262	0	596
263	0	830
264	0	789
265	0	635
266	0	691
266	0	1019
267	0	754
268	0	807
269	0	975
270	0	842
270	0	878
271	0	1012
272	0	838
273	0	640
274	0	809
275	0	890
276	0	985
277	0	704
278	0	743
279	0	970
280	0	724
281	0	939
282	0	845
283	0	781
284	0	633
284	0	804
284	0	810
284	0	873
284	0	965
285	0	830
285	0	839
286	0	947
286	0	960
287	0	689
288	0	803
289	0	853
290	0	686
291	0	599
292	0	765
292	0	976
293	0	577
294	0	992
295	0	689
296	0	798
297	0	660
297	0	995
297	0	1004
298	0	683
298	0	914
299	0	719
299	0	740
300	0	677
301	0	838
302	0	974
303	0	928
304	0	789
305	0	705
305	0	1031
306	0	745
306	0	790
307	0	723
308	0	776
309	0	697
309	0	941
309	0	948
310	0	737
310	0	901
311	0	595
312	0	683
313	0	795
314	0	597
315	0	882
316	0	725
317	0	1023
318	0	811
318	0	986
319	0	616
320	0	830
321	0	938
322	0	805
323	0	596
324	0	644
325	0	613
325	0	646
325	0	969
326	0	816
327	0	597
328	0	692
329	0	601
330	0	642
331	0	584
331	0	840
332	0	834
333	0	693
334	0	777
335	0	998
336	0	1005
337	0	800
338	0	926
339	0	888
340	0	586
341	0	832
342	0	806
343	0	685
343	0	690
344	0	699
345	0	897
345	0	957
345	0	966
345	0	973
345	0	1009
345	0	1027
346	0	918
347	0	1008
348	0	590
348	0	848
348	0	991
349	0	913
350	0	695
351	0	1025
352	0	828
353	0	938
354	0	734
354	0	851
355	0	643
355	0	663
355	0	839
356	0	830
357	0	733
358	0	940
358	0	950
359	0	663
360	0	621
360	0	635
361	0	1006
362	0	843
363	0	953
364	0	674
365	0	748
365	0	806
365	0	861
366	0	820
367	0	934
368	0	992
369	0	582
369	0	592
369	0	753
370	0	783
371	0	760
371	0	794
372	0	658
373	0	945
373	0	961
373	0	995
374	0	691
375	0	673
375	0	732
376	0	681
376	0	844
376	0	856
377	0	620
377	0	1004
378	0	686
379	0	585
380	0	831
381	0	641
382	0	883
383	0	681
384	0	736
385	0	703
385	0	768
385	0	817
385	0	824
385	0	868
386	0	774
387	0	679
387	0	886
388	0	666
389	0	993
390	0	1013
391	0	667
392	0	983
393	0	904
394	0	609
394	0	647
395	0	725
396	0	725
397	0	706
398	0	623
398	0	641
399	0	749
399	0	788
400	0	586
401	0	622
401	0	644
402	0	668
403	0	901
404	0	1037
405	0	600
406	0	805
407	0	608
408	0	752
409	0	663
410	0	581
410	0	933
411	0	589
411	0	592
412	0	763
413	0	621
414	0	738
414	0	925
415	0	624
415	0	671
415	0	922
415	0	998
415	0	1007
416	0	875
417	0	869
418	0	617
419	0	982
420	0	675
421	0	627
422	0	770
423	0	980
424	0	804
425	0	628
426	0	769
427	0	591
428	0	630
429	0	744
430	0	1013
431	0	735
432	0	1002
433	0	683
434	0	849
435	0	1035
436	0	782
437	0	809
438	0	680
439	0	830
440	0	695
441	0	820
442	0	720
443	0	687
444	0	795
445	0	1005
446	0	899
447	0	589
448	0	612
449	0	647
449	0	655
449	0	935
449	0	956
450	0	913
451	0	990
452	0	702
453	0	705
454	0	613
454	0	619
455	0	1029
456	0	961
457	0	684
458	0	936
459	0	931
460	0	584
460	0	891
460	0	952
461	0	903
462	0	903
463	0	787
464	0	597
465	0	647
466	0	708
466	0	917
467	0	612
468	0	687
469	0	603
470	0	700
471	0	774
472	0	788
473	0	802
474	0	705
474	0	857
475	0	739
476	0	779
477	0	983
478	0	577
479	0	851
480	0	622
481	0	992
482	0	650
483	0	888
484	0	927
484	0	929
485	0	884
486	0	804
487	0	724
488	0	859
489	0	707
490	0	778
490	0	955
490	0	963
491	0	806
492	0	625
492	0	971
493	0	648
494	0	611
495	0	889
496	0	1024
497	0	646
497	0	662
498	0	810
499	0	676
500	0	609
501	0	776
502	0	993
503	0	881
504	0	683
505	0	737
506	0	673
507	0	606
508	0	830
509	0	959
510	0	970
511	0	805
512	0	954
513	0	821
576	2	1597
578	2	1437
578	2	1456
580	2	1437
580	2	1456
583	2	1610
1041	2	1449
1041	2	1591
1042	2	1591
1042	2	1618
1042	2	1791
1043	2	1449
1043	2	1618
1043	2	1722
1043	2	1736
1043	2	1777
1044	2	1591
1045	2	1425
1046	2	1791
1047	2	1411
1047	2	1437
1047	2	1502
1047	2	1557
1048	2	1656
1049	2	1437
1049	2	1456
1049	2	1618
1050	2	1703
1050	2	1765
1051	2	1314
1052	2	1591
1053	2	1504
1054	2	1591
1055	2	1618
1056	2	1474
1057	2	1449
1057	2	1597
1058	2	1591
1059	2	1604
1060	2	1449
1061	2	1635
1062	2	1480
1063	2	1253
1063	2	1591
1063	2	1618
1064	2	1454
1065	2	1791
1066	2	1643
1067	2	1366
1068	2	1791
1069	2	1437
1070	2	1437
1071	2	1437
1072	2	1791
1073	2	1437
1073	2	1591
1074	2	1597
1074	2	1781
1075	2	1437
1075	2	1449
1075	2	1597
1076	2	1302
1076	2	1437
1076	2	1449
1077	2	1756
1078	2	1591
1079	2	1777
1080	2	1763
1081	2	1478
1081	2	1530
1081	2	1591
1081	2	1672
1081	2	1763
1081	2	1777
1082	2	1591
1083	2	1449
1084	2	1437
1085	2	1437
1086	2	1449
1087	2	1504
1087	2	1800
1088	2	1437
1088	2	1449
1088	2	1659
1088	2	1791
1089	2	1342
1089	2	1591
1089	2	1238
1090	2	1439
1091	2	1777
1092	2	1352
1093	2	1437
1094	2	1336
1094	2	1342
1094	2	1597
1094	2	1791
1095	2	1597
1096	2	1437
1097	2	1618
1098	2	1777
1099	2	1591
1100	2	1777
1101	2	1484
1102	2	1366
1102	2	1659
1102	2	1763
1103	2	1336
1103	2	1777
1104	2	1777
1105	2	1449
1105	2	1656
1106	2	1451
1107	2	1480
1107	2	1777
1108	2	1732
1109	2	1437
1110	2	1659
1111	2	1439
1111	2	1449
1111	2	1777
1112	2	1777
1113	2	1439
1114	2	1486
1115	2	1375
1116	2	1722
1117	2	1721
1118	2	1597
1119	2	1437
1120	2	1302
1120	2	1437
1121	2	1302
1121	2	1437
1121	2	1456
1121	2	1591
1121	2	1756
1122	2	1456
1123	2	1437
1123	2	1537
1123	2	1591
1123	2	1659
1124	2	1302
1124	2	1437
1124	2	1591
1125	2	1302
1125	2	1437
1125	2	1798
1126	2	1591
1127	2	1456
1127	2	1591
1127	2	1659
1127	2	1777
1128	2	1591
1128	2	1618
1128	2	1777
1129	2	1763
1129	2	1777
1130	2	1591
1130	2	1672
1131	2	1591
1131	2	1669
1132	2	1656
1133	2	1336
1133	2	1425
1133	2	1449
1133	2	1597
1134	2	1791
1135	2	1734
1135	2	1735
1136	2	1765
1136	2	1773
1137	2	1351
1137	2	1375
1137	2	1618
1138	2	1591
1138	2	1777
1139	2	1353
1139	2	1591
1140	2	1342
1140	2	1449
1140	2	1591
1141	2	1591
1142	2	1591
1143	2	1425
1144	2	1352
1145	2	1421
1145	2	1591
1146	2	1425
1147	2	1765
1148	2	1591
1149	2	1591
1150	2	1731
1150	2	1763
1151	2	1603
1152	2	1591
1152	2	1731
1153	2	1777
1154	2	1763
1155	2	1437
1155	2	1597
1156	2	1790
1157	2	1358
1158	2	1422
1159	2	1437
1159	2	1611
1160	2	1763
1161	2	1591
1162	2	1448
1163	2	1448
1164	2	1607
1165	2	1729
1166	2	1375
1166	2	1650
1167	2	1791
1168	2	1449
1169	2	1404
1170	2	1404
1171	2	1449
1172	2	1763
1173	2	1722
1174	2	1551
1175	2	1437
1176	2	1356
1176	2	1449
1176	2	1779
1177	2	1763
1177	2	1791
1178	2	1264
1179	2	1591
1180	2	1463
1181	2	1437
1181	2	1456
1182	2	1437
1182	2	1449
1182	2	1456
1183	2	1422
1184	2	1591
1185	2	1763
1186	2	1618
1187	2	1618
1188	2	1763
1189	2	1366
1190	2	1628
1190	2	1629
1191	2	1391
1192	2	1506
1193	2	1600
1194	2	1591
1194	2	1659
1195	2	1551
1196	2	1346
1196	2	1354
1196	2	1636
1196	2	1791
1197	2	1618
1198	2	1449
1199	2	1480
1200	2	1777
1201	2	1600
1202	2	1301
1203	2	1342
1204	2	1791
1205	2	1659
1205	2	1791
1206	2	1656
1207	2	1777
1208	2	1777
1209	2	1564
1210	2	1422
1211	2	1618
1212	2	1449
1213	2	1437
1214	2	1483
1215	2	1483
1216	2	1597
1217	2	1437
1218	2	1456
1219	2	1456
1220	2	1456
1221	2	1342
1221	2	1359
1221	2	1449
1222	2	1646
1223	2	1437
1224	2	1357
1224	2	1456
1224	2	1484
1224	2	1763
1224	2	1800
1225	2	1763
1226	2	1791
1227	2	1656
1228	2	1725
1229	2	1618
1230	2	1346
1230	2	1636
1231	2	1382
1232	2	1355
1233	2	1449
1234	2	1451
1235	2	1342
1236	2	1437
1237	2	1777
